-0.023209
0.018108
-0.043093
0.068379
0.018155
-0.055550
-0.021747
-0.082538
0.079514
-0.049760
0.058093
-0.072940
0.023671
0.039793
-0.063121
-0.052064
-0.039000
0.040546
-0.004421
0.055562
0.084845
-0.015906
0.034864
-0.030813
0.055887
0.066904
0.036706
-0.082278
-0.015248
-0.008774
-0.047005
0.062066
0.050921
-0.030367
0.049355
0.038297
0.025732
-0.078629
0.018374
0.025629
-0.040701
0.016271
0.014424
0.057792
-0.007505
0.018003
0.066015
0.007385
0.050326
0.019002
-0.018605
0.000164
-0.042785
0.023453
0.076144
-0.050561
-0.063527
0.029782
-0.084927
0.072785
-0.014144
0.012751
-0.009399
-0.064310
