-0.086581
0.071528
-0.102625
-0.114516
0.145908
-0.114238
-0.089550
0.108664
0.127697
0.054739
0.062147
-0.045431
-0.093576
0.134724
-0.066050
0.125752
-0.089492
0.130583
0.073798
0.108239
0.012636
-0.123211
0.109003
0.107003
-0.135879
-0.066166
-0.130469
-0.082848
0.020778
0.117599
0.099454
-0.112723
-0.096498
-0.016604
-0.102354
0.095176
0.061589
0.010762
-0.052739
-0.115158
-0.110686
0.117383
-0.074658
0.101533
-0.070993
0.056207
0.049403
0.126650
0.045777
0.109189
-0.158208
-0.047385
0.108378
0.047602
-0.038305
-0.104806
-0.137721
0.003440
0.094779
-0.059231
-0.050758
0.069274
0.047304
0.082536
