0.081706
-0.002699
-0.054300
-0.019121
0.039255
-0.005601
-0.086519
0.018052
-0.021190
0.068548
-0.059225
-0.059548
0.035990
0.046113
-0.053352
-0.028633
0.084850
-0.034728
-0.016949
0.010808
-0.074219
0.073739
0.088217
0.021148
-0.051346
-0.051010
0.081680
-0.038987
0.067452
-0.016284
-0.052656
-0.064324
0.043919
0.049918
-0.012030
-0.022452
-0.063297
0.018567
0.023617
0.055651
0.047193
0.005265
0.060490
0.069227
0.043152
0.076439
-0.018691
-0.082142
0.028879
-0.070991
0.021141
-0.085671
-0.074929
-0.011717
0.067430
0.035159
-0.082326
-0.003567
0.090311
0.085230
-0.054255
-0.029552
0.087203
0.042492
