-0.059020
-0.085327
-0.037575
0.082769
0.057666
0.024230
0.074908
-0.048001
-0.031098
-0.128668
-0.000919
0.063361
0.052008
0.014312
0.033753
-0.030752
-0.105469
-0.094048
-0.063014
-0.090211
-0.031878
0.124298
0.027172
-0.107143
0.051800
-0.118494
-0.116392
0.060783
-0.123791
0.014814
0.024015
-0.018743
0.094354
0.104417
0.090915
-0.115710
0.030785
0.065350
0.004142
-0.115348
0.131680
-0.098919
0.113538
0.048112
-0.034767
-0.008869
0.098426
-0.123917
0.084095
0.064498
0.095893
0.040343
-0.117224
-0.029024
0.069562
-0.116382
0.032037
0.119372
0.126163
-0.046047
0.102917
0.060921
0.040806
-0.004462
